{
 "cells": [
  {
   "cell_type": "markdown",
   "id": "acdb6e4c",
   "metadata": {},
   "source": [
    "#### Gas Turbine Using Nueral Network"
   ]
  },
  {
   "cell_type": "code",
   "execution_count": 1,
   "id": "a68b07ca",
   "metadata": {},
   "outputs": [],
   "source": [
    "import pandas as pd\n",
    "import numpy as np\n",
    "import matplotlib.pyplot as plt\n",
    "import tensorflow as tf\n",
    "from tensorflow.keras import Sequential\n",
    "from tensorflow.keras.layers import Dense, Dropout\n",
    "from tensorflow.keras.callbacks import EarlyStopping\n",
    "%matplotlib inline\n"
   ]
  },
  {
   "cell_type": "code",
   "execution_count": 2,
   "id": "98acac93",
   "metadata": {},
   "outputs": [],
   "source": [
    "df= pd.read_csv(\"gas_turbines.csv\")"
   ]
  },
  {
   "cell_type": "code",
   "execution_count": 3,
   "id": "136e40d8",
   "metadata": {},
   "outputs": [
    {
     "data": {
      "text/html": [
       "<div>\n",
       "<style scoped>\n",
       "    .dataframe tbody tr th:only-of-type {\n",
       "        vertical-align: middle;\n",
       "    }\n",
       "\n",
       "    .dataframe tbody tr th {\n",
       "        vertical-align: top;\n",
       "    }\n",
       "\n",
       "    .dataframe thead th {\n",
       "        text-align: right;\n",
       "    }\n",
       "</style>\n",
       "<table border=\"1\" class=\"dataframe\">\n",
       "  <thead>\n",
       "    <tr style=\"text-align: right;\">\n",
       "      <th></th>\n",
       "      <th>AT</th>\n",
       "      <th>AP</th>\n",
       "      <th>AH</th>\n",
       "      <th>AFDP</th>\n",
       "      <th>GTEP</th>\n",
       "      <th>TIT</th>\n",
       "      <th>TAT</th>\n",
       "      <th>TEY</th>\n",
       "      <th>CDP</th>\n",
       "      <th>CO</th>\n",
       "      <th>NOX</th>\n",
       "    </tr>\n",
       "  </thead>\n",
       "  <tbody>\n",
       "    <tr>\n",
       "      <th>0</th>\n",
       "      <td>6.8594</td>\n",
       "      <td>1007.9</td>\n",
       "      <td>96.799</td>\n",
       "      <td>3.5000</td>\n",
       "      <td>19.663</td>\n",
       "      <td>1059.2</td>\n",
       "      <td>550.00</td>\n",
       "      <td>114.70</td>\n",
       "      <td>10.605</td>\n",
       "      <td>3.1547</td>\n",
       "      <td>82.722</td>\n",
       "    </tr>\n",
       "    <tr>\n",
       "      <th>1</th>\n",
       "      <td>6.7850</td>\n",
       "      <td>1008.4</td>\n",
       "      <td>97.118</td>\n",
       "      <td>3.4998</td>\n",
       "      <td>19.728</td>\n",
       "      <td>1059.3</td>\n",
       "      <td>550.00</td>\n",
       "      <td>114.72</td>\n",
       "      <td>10.598</td>\n",
       "      <td>3.2363</td>\n",
       "      <td>82.776</td>\n",
       "    </tr>\n",
       "    <tr>\n",
       "      <th>2</th>\n",
       "      <td>6.8977</td>\n",
       "      <td>1008.8</td>\n",
       "      <td>95.939</td>\n",
       "      <td>3.4824</td>\n",
       "      <td>19.779</td>\n",
       "      <td>1059.4</td>\n",
       "      <td>549.87</td>\n",
       "      <td>114.71</td>\n",
       "      <td>10.601</td>\n",
       "      <td>3.2012</td>\n",
       "      <td>82.468</td>\n",
       "    </tr>\n",
       "    <tr>\n",
       "      <th>3</th>\n",
       "      <td>7.0569</td>\n",
       "      <td>1009.2</td>\n",
       "      <td>95.249</td>\n",
       "      <td>3.4805</td>\n",
       "      <td>19.792</td>\n",
       "      <td>1059.6</td>\n",
       "      <td>549.99</td>\n",
       "      <td>114.72</td>\n",
       "      <td>10.606</td>\n",
       "      <td>3.1923</td>\n",
       "      <td>82.670</td>\n",
       "    </tr>\n",
       "    <tr>\n",
       "      <th>4</th>\n",
       "      <td>7.3978</td>\n",
       "      <td>1009.7</td>\n",
       "      <td>95.150</td>\n",
       "      <td>3.4976</td>\n",
       "      <td>19.765</td>\n",
       "      <td>1059.7</td>\n",
       "      <td>549.98</td>\n",
       "      <td>114.72</td>\n",
       "      <td>10.612</td>\n",
       "      <td>3.2484</td>\n",
       "      <td>82.311</td>\n",
       "    </tr>\n",
       "  </tbody>\n",
       "</table>\n",
       "</div>"
      ],
      "text/plain": [
       "       AT      AP      AH    AFDP    GTEP     TIT     TAT     TEY     CDP  \\\n",
       "0  6.8594  1007.9  96.799  3.5000  19.663  1059.2  550.00  114.70  10.605   \n",
       "1  6.7850  1008.4  97.118  3.4998  19.728  1059.3  550.00  114.72  10.598   \n",
       "2  6.8977  1008.8  95.939  3.4824  19.779  1059.4  549.87  114.71  10.601   \n",
       "3  7.0569  1009.2  95.249  3.4805  19.792  1059.6  549.99  114.72  10.606   \n",
       "4  7.3978  1009.7  95.150  3.4976  19.765  1059.7  549.98  114.72  10.612   \n",
       "\n",
       "       CO     NOX  \n",
       "0  3.1547  82.722  \n",
       "1  3.2363  82.776  \n",
       "2  3.2012  82.468  \n",
       "3  3.1923  82.670  \n",
       "4  3.2484  82.311  "
      ]
     },
     "execution_count": 3,
     "metadata": {},
     "output_type": "execute_result"
    }
   ],
   "source": [
    "df.head()"
   ]
  },
  {
   "cell_type": "code",
   "execution_count": 5,
   "id": "e3725498",
   "metadata": {},
   "outputs": [
    {
     "data": {
      "text/plain": [
       "(15039, 11)"
      ]
     },
     "execution_count": 5,
     "metadata": {},
     "output_type": "execute_result"
    }
   ],
   "source": [
    "df.shape"
   ]
  },
  {
   "cell_type": "code",
   "execution_count": 6,
   "id": "7c254f75",
   "metadata": {},
   "outputs": [
    {
     "data": {
      "text/html": [
       "<div>\n",
       "<style scoped>\n",
       "    .dataframe tbody tr th:only-of-type {\n",
       "        vertical-align: middle;\n",
       "    }\n",
       "\n",
       "    .dataframe tbody tr th {\n",
       "        vertical-align: top;\n",
       "    }\n",
       "\n",
       "    .dataframe thead th {\n",
       "        text-align: right;\n",
       "    }\n",
       "</style>\n",
       "<table border=\"1\" class=\"dataframe\">\n",
       "  <thead>\n",
       "    <tr style=\"text-align: right;\">\n",
       "      <th></th>\n",
       "      <th>AT</th>\n",
       "      <th>AP</th>\n",
       "      <th>AH</th>\n",
       "      <th>AFDP</th>\n",
       "      <th>GTEP</th>\n",
       "      <th>TIT</th>\n",
       "      <th>TAT</th>\n",
       "      <th>TEY</th>\n",
       "      <th>CDP</th>\n",
       "      <th>CO</th>\n",
       "      <th>NOX</th>\n",
       "    </tr>\n",
       "  </thead>\n",
       "  <tbody>\n",
       "    <tr>\n",
       "      <th>count</th>\n",
       "      <td>15039.000000</td>\n",
       "      <td>15039.00000</td>\n",
       "      <td>15039.000000</td>\n",
       "      <td>15039.000000</td>\n",
       "      <td>15039.000000</td>\n",
       "      <td>15039.000000</td>\n",
       "      <td>15039.000000</td>\n",
       "      <td>15039.000000</td>\n",
       "      <td>15039.000000</td>\n",
       "      <td>15039.000000</td>\n",
       "      <td>15039.000000</td>\n",
       "    </tr>\n",
       "    <tr>\n",
       "      <th>mean</th>\n",
       "      <td>17.764381</td>\n",
       "      <td>1013.19924</td>\n",
       "      <td>79.124174</td>\n",
       "      <td>4.200294</td>\n",
       "      <td>25.419061</td>\n",
       "      <td>1083.798770</td>\n",
       "      <td>545.396183</td>\n",
       "      <td>134.188464</td>\n",
       "      <td>12.102353</td>\n",
       "      <td>1.972499</td>\n",
       "      <td>68.190934</td>\n",
       "    </tr>\n",
       "    <tr>\n",
       "      <th>std</th>\n",
       "      <td>7.574323</td>\n",
       "      <td>6.41076</td>\n",
       "      <td>13.793439</td>\n",
       "      <td>0.760197</td>\n",
       "      <td>4.173916</td>\n",
       "      <td>16.527806</td>\n",
       "      <td>7.866803</td>\n",
       "      <td>15.829717</td>\n",
       "      <td>1.103196</td>\n",
       "      <td>2.222206</td>\n",
       "      <td>10.470586</td>\n",
       "    </tr>\n",
       "    <tr>\n",
       "      <th>min</th>\n",
       "      <td>0.522300</td>\n",
       "      <td>985.85000</td>\n",
       "      <td>30.344000</td>\n",
       "      <td>2.087400</td>\n",
       "      <td>17.878000</td>\n",
       "      <td>1000.800000</td>\n",
       "      <td>512.450000</td>\n",
       "      <td>100.170000</td>\n",
       "      <td>9.904400</td>\n",
       "      <td>0.000388</td>\n",
       "      <td>27.765000</td>\n",
       "    </tr>\n",
       "    <tr>\n",
       "      <th>25%</th>\n",
       "      <td>11.408000</td>\n",
       "      <td>1008.90000</td>\n",
       "      <td>69.750000</td>\n",
       "      <td>3.723900</td>\n",
       "      <td>23.294000</td>\n",
       "      <td>1079.600000</td>\n",
       "      <td>542.170000</td>\n",
       "      <td>127.985000</td>\n",
       "      <td>11.622000</td>\n",
       "      <td>0.858055</td>\n",
       "      <td>61.303500</td>\n",
       "    </tr>\n",
       "    <tr>\n",
       "      <th>50%</th>\n",
       "      <td>18.186000</td>\n",
       "      <td>1012.80000</td>\n",
       "      <td>82.266000</td>\n",
       "      <td>4.186200</td>\n",
       "      <td>25.082000</td>\n",
       "      <td>1088.700000</td>\n",
       "      <td>549.890000</td>\n",
       "      <td>133.780000</td>\n",
       "      <td>12.025000</td>\n",
       "      <td>1.390200</td>\n",
       "      <td>66.601000</td>\n",
       "    </tr>\n",
       "    <tr>\n",
       "      <th>75%</th>\n",
       "      <td>23.862500</td>\n",
       "      <td>1016.90000</td>\n",
       "      <td>90.043500</td>\n",
       "      <td>4.550900</td>\n",
       "      <td>27.184000</td>\n",
       "      <td>1096.000000</td>\n",
       "      <td>550.060000</td>\n",
       "      <td>140.895000</td>\n",
       "      <td>12.578000</td>\n",
       "      <td>2.160400</td>\n",
       "      <td>73.935500</td>\n",
       "    </tr>\n",
       "    <tr>\n",
       "      <th>max</th>\n",
       "      <td>34.929000</td>\n",
       "      <td>1034.20000</td>\n",
       "      <td>100.200000</td>\n",
       "      <td>7.610600</td>\n",
       "      <td>37.402000</td>\n",
       "      <td>1100.800000</td>\n",
       "      <td>550.610000</td>\n",
       "      <td>174.610000</td>\n",
       "      <td>15.081000</td>\n",
       "      <td>44.103000</td>\n",
       "      <td>119.890000</td>\n",
       "    </tr>\n",
       "  </tbody>\n",
       "</table>\n",
       "</div>"
      ],
      "text/plain": [
       "                 AT           AP            AH          AFDP          GTEP  \\\n",
       "count  15039.000000  15039.00000  15039.000000  15039.000000  15039.000000   \n",
       "mean      17.764381   1013.19924     79.124174      4.200294     25.419061   \n",
       "std        7.574323      6.41076     13.793439      0.760197      4.173916   \n",
       "min        0.522300    985.85000     30.344000      2.087400     17.878000   \n",
       "25%       11.408000   1008.90000     69.750000      3.723900     23.294000   \n",
       "50%       18.186000   1012.80000     82.266000      4.186200     25.082000   \n",
       "75%       23.862500   1016.90000     90.043500      4.550900     27.184000   \n",
       "max       34.929000   1034.20000    100.200000      7.610600     37.402000   \n",
       "\n",
       "                TIT           TAT           TEY           CDP            CO  \\\n",
       "count  15039.000000  15039.000000  15039.000000  15039.000000  15039.000000   \n",
       "mean    1083.798770    545.396183    134.188464     12.102353      1.972499   \n",
       "std       16.527806      7.866803     15.829717      1.103196      2.222206   \n",
       "min     1000.800000    512.450000    100.170000      9.904400      0.000388   \n",
       "25%     1079.600000    542.170000    127.985000     11.622000      0.858055   \n",
       "50%     1088.700000    549.890000    133.780000     12.025000      1.390200   \n",
       "75%     1096.000000    550.060000    140.895000     12.578000      2.160400   \n",
       "max     1100.800000    550.610000    174.610000     15.081000     44.103000   \n",
       "\n",
       "                NOX  \n",
       "count  15039.000000  \n",
       "mean      68.190934  \n",
       "std       10.470586  \n",
       "min       27.765000  \n",
       "25%       61.303500  \n",
       "50%       66.601000  \n",
       "75%       73.935500  \n",
       "max      119.890000  "
      ]
     },
     "execution_count": 6,
     "metadata": {},
     "output_type": "execute_result"
    }
   ],
   "source": [
    "df.describe()"
   ]
  },
  {
   "cell_type": "code",
   "execution_count": 7,
   "id": "2d935aed",
   "metadata": {},
   "outputs": [
    {
     "name": "stdout",
     "output_type": "stream",
     "text": [
      "<class 'pandas.core.frame.DataFrame'>\n",
      "RangeIndex: 15039 entries, 0 to 15038\n",
      "Data columns (total 11 columns):\n",
      " #   Column  Non-Null Count  Dtype  \n",
      "---  ------  --------------  -----  \n",
      " 0   AT      15039 non-null  float64\n",
      " 1   AP      15039 non-null  float64\n",
      " 2   AH      15039 non-null  float64\n",
      " 3   AFDP    15039 non-null  float64\n",
      " 4   GTEP    15039 non-null  float64\n",
      " 5   TIT     15039 non-null  float64\n",
      " 6   TAT     15039 non-null  float64\n",
      " 7   TEY     15039 non-null  float64\n",
      " 8   CDP     15039 non-null  float64\n",
      " 9   CO      15039 non-null  float64\n",
      " 10  NOX     15039 non-null  float64\n",
      "dtypes: float64(11)\n",
      "memory usage: 1.3 MB\n"
     ]
    }
   ],
   "source": [
    "df.info()"
   ]
  },
  {
   "cell_type": "code",
   "execution_count": 8,
   "id": "3af0a025",
   "metadata": {},
   "outputs": [
    {
     "data": {
      "text/plain": [
       "0"
      ]
     },
     "execution_count": 8,
     "metadata": {},
     "output_type": "execute_result"
    }
   ],
   "source": [
    "df.duplicated().sum()"
   ]
  },
  {
   "cell_type": "code",
   "execution_count": 9,
   "id": "275eebda",
   "metadata": {},
   "outputs": [
    {
     "data": {
      "text/plain": [
       "AT      0\n",
       "AP      0\n",
       "AH      0\n",
       "AFDP    0\n",
       "GTEP    0\n",
       "TIT     0\n",
       "TAT     0\n",
       "TEY     0\n",
       "CDP     0\n",
       "CO      0\n",
       "NOX     0\n",
       "dtype: int64"
      ]
     },
     "execution_count": 9,
     "metadata": {},
     "output_type": "execute_result"
    }
   ],
   "source": [
    "df.isnull().sum()"
   ]
  },
  {
   "cell_type": "code",
   "execution_count": 10,
   "id": "7acc0089",
   "metadata": {},
   "outputs": [
    {
     "data": {
      "text/html": [
       "<div>\n",
       "<style scoped>\n",
       "    .dataframe tbody tr th:only-of-type {\n",
       "        vertical-align: middle;\n",
       "    }\n",
       "\n",
       "    .dataframe tbody tr th {\n",
       "        vertical-align: top;\n",
       "    }\n",
       "\n",
       "    .dataframe thead th {\n",
       "        text-align: right;\n",
       "    }\n",
       "</style>\n",
       "<table border=\"1\" class=\"dataframe\">\n",
       "  <thead>\n",
       "    <tr style=\"text-align: right;\">\n",
       "      <th></th>\n",
       "      <th>AT</th>\n",
       "      <th>AP</th>\n",
       "      <th>AH</th>\n",
       "      <th>AFDP</th>\n",
       "      <th>GTEP</th>\n",
       "      <th>TIT</th>\n",
       "      <th>TAT</th>\n",
       "      <th>TEY</th>\n",
       "      <th>CDP</th>\n",
       "      <th>CO</th>\n",
       "      <th>NOX</th>\n",
       "    </tr>\n",
       "  </thead>\n",
       "  <tbody>\n",
       "    <tr>\n",
       "      <th>AT</th>\n",
       "      <td>1.000000</td>\n",
       "      <td>-0.412953</td>\n",
       "      <td>-0.549432</td>\n",
       "      <td>-0.099333</td>\n",
       "      <td>-0.049103</td>\n",
       "      <td>0.093067</td>\n",
       "      <td>0.338569</td>\n",
       "      <td>-0.207495</td>\n",
       "      <td>-0.100705</td>\n",
       "      <td>-0.088588</td>\n",
       "      <td>-0.600006</td>\n",
       "    </tr>\n",
       "    <tr>\n",
       "      <th>AP</th>\n",
       "      <td>-0.412953</td>\n",
       "      <td>1.000000</td>\n",
       "      <td>0.042573</td>\n",
       "      <td>0.040318</td>\n",
       "      <td>0.078575</td>\n",
       "      <td>0.029650</td>\n",
       "      <td>-0.223479</td>\n",
       "      <td>0.146939</td>\n",
       "      <td>0.131198</td>\n",
       "      <td>0.041614</td>\n",
       "      <td>0.256744</td>\n",
       "    </tr>\n",
       "    <tr>\n",
       "      <th>AH</th>\n",
       "      <td>-0.549432</td>\n",
       "      <td>0.042573</td>\n",
       "      <td>1.000000</td>\n",
       "      <td>-0.119249</td>\n",
       "      <td>-0.202784</td>\n",
       "      <td>-0.247781</td>\n",
       "      <td>0.010859</td>\n",
       "      <td>-0.110272</td>\n",
       "      <td>-0.182010</td>\n",
       "      <td>0.165505</td>\n",
       "      <td>0.143061</td>\n",
       "    </tr>\n",
       "    <tr>\n",
       "      <th>AFDP</th>\n",
       "      <td>-0.099333</td>\n",
       "      <td>0.040318</td>\n",
       "      <td>-0.119249</td>\n",
       "      <td>1.000000</td>\n",
       "      <td>0.744251</td>\n",
       "      <td>0.627254</td>\n",
       "      <td>-0.571541</td>\n",
       "      <td>0.717995</td>\n",
       "      <td>0.727152</td>\n",
       "      <td>-0.334207</td>\n",
       "      <td>-0.037299</td>\n",
       "    </tr>\n",
       "    <tr>\n",
       "      <th>GTEP</th>\n",
       "      <td>-0.049103</td>\n",
       "      <td>0.078575</td>\n",
       "      <td>-0.202784</td>\n",
       "      <td>0.744251</td>\n",
       "      <td>1.000000</td>\n",
       "      <td>0.874526</td>\n",
       "      <td>-0.756884</td>\n",
       "      <td>0.977042</td>\n",
       "      <td>0.993784</td>\n",
       "      <td>-0.508259</td>\n",
       "      <td>-0.208496</td>\n",
       "    </tr>\n",
       "    <tr>\n",
       "      <th>TIT</th>\n",
       "      <td>0.093067</td>\n",
       "      <td>0.029650</td>\n",
       "      <td>-0.247781</td>\n",
       "      <td>0.627254</td>\n",
       "      <td>0.874526</td>\n",
       "      <td>1.000000</td>\n",
       "      <td>-0.357320</td>\n",
       "      <td>0.891587</td>\n",
       "      <td>0.887238</td>\n",
       "      <td>-0.688272</td>\n",
       "      <td>-0.231636</td>\n",
       "    </tr>\n",
       "    <tr>\n",
       "      <th>TAT</th>\n",
       "      <td>0.338569</td>\n",
       "      <td>-0.223479</td>\n",
       "      <td>0.010859</td>\n",
       "      <td>-0.571541</td>\n",
       "      <td>-0.756884</td>\n",
       "      <td>-0.357320</td>\n",
       "      <td>1.000000</td>\n",
       "      <td>-0.720356</td>\n",
       "      <td>-0.744740</td>\n",
       "      <td>0.063404</td>\n",
       "      <td>0.009888</td>\n",
       "    </tr>\n",
       "    <tr>\n",
       "      <th>TEY</th>\n",
       "      <td>-0.207495</td>\n",
       "      <td>0.146939</td>\n",
       "      <td>-0.110272</td>\n",
       "      <td>0.717995</td>\n",
       "      <td>0.977042</td>\n",
       "      <td>0.891587</td>\n",
       "      <td>-0.720356</td>\n",
       "      <td>1.000000</td>\n",
       "      <td>0.988473</td>\n",
       "      <td>-0.541751</td>\n",
       "      <td>-0.102631</td>\n",
       "    </tr>\n",
       "    <tr>\n",
       "      <th>CDP</th>\n",
       "      <td>-0.100705</td>\n",
       "      <td>0.131198</td>\n",
       "      <td>-0.182010</td>\n",
       "      <td>0.727152</td>\n",
       "      <td>0.993784</td>\n",
       "      <td>0.887238</td>\n",
       "      <td>-0.744740</td>\n",
       "      <td>0.988473</td>\n",
       "      <td>1.000000</td>\n",
       "      <td>-0.520783</td>\n",
       "      <td>-0.169103</td>\n",
       "    </tr>\n",
       "    <tr>\n",
       "      <th>CO</th>\n",
       "      <td>-0.088588</td>\n",
       "      <td>0.041614</td>\n",
       "      <td>0.165505</td>\n",
       "      <td>-0.334207</td>\n",
       "      <td>-0.508259</td>\n",
       "      <td>-0.688272</td>\n",
       "      <td>0.063404</td>\n",
       "      <td>-0.541751</td>\n",
       "      <td>-0.520783</td>\n",
       "      <td>1.000000</td>\n",
       "      <td>0.316743</td>\n",
       "    </tr>\n",
       "    <tr>\n",
       "      <th>NOX</th>\n",
       "      <td>-0.600006</td>\n",
       "      <td>0.256744</td>\n",
       "      <td>0.143061</td>\n",
       "      <td>-0.037299</td>\n",
       "      <td>-0.208496</td>\n",
       "      <td>-0.231636</td>\n",
       "      <td>0.009888</td>\n",
       "      <td>-0.102631</td>\n",
       "      <td>-0.169103</td>\n",
       "      <td>0.316743</td>\n",
       "      <td>1.000000</td>\n",
       "    </tr>\n",
       "  </tbody>\n",
       "</table>\n",
       "</div>"
      ],
      "text/plain": [
       "            AT        AP        AH      AFDP      GTEP       TIT       TAT  \\\n",
       "AT    1.000000 -0.412953 -0.549432 -0.099333 -0.049103  0.093067  0.338569   \n",
       "AP   -0.412953  1.000000  0.042573  0.040318  0.078575  0.029650 -0.223479   \n",
       "AH   -0.549432  0.042573  1.000000 -0.119249 -0.202784 -0.247781  0.010859   \n",
       "AFDP -0.099333  0.040318 -0.119249  1.000000  0.744251  0.627254 -0.571541   \n",
       "GTEP -0.049103  0.078575 -0.202784  0.744251  1.000000  0.874526 -0.756884   \n",
       "TIT   0.093067  0.029650 -0.247781  0.627254  0.874526  1.000000 -0.357320   \n",
       "TAT   0.338569 -0.223479  0.010859 -0.571541 -0.756884 -0.357320  1.000000   \n",
       "TEY  -0.207495  0.146939 -0.110272  0.717995  0.977042  0.891587 -0.720356   \n",
       "CDP  -0.100705  0.131198 -0.182010  0.727152  0.993784  0.887238 -0.744740   \n",
       "CO   -0.088588  0.041614  0.165505 -0.334207 -0.508259 -0.688272  0.063404   \n",
       "NOX  -0.600006  0.256744  0.143061 -0.037299 -0.208496 -0.231636  0.009888   \n",
       "\n",
       "           TEY       CDP        CO       NOX  \n",
       "AT   -0.207495 -0.100705 -0.088588 -0.600006  \n",
       "AP    0.146939  0.131198  0.041614  0.256744  \n",
       "AH   -0.110272 -0.182010  0.165505  0.143061  \n",
       "AFDP  0.717995  0.727152 -0.334207 -0.037299  \n",
       "GTEP  0.977042  0.993784 -0.508259 -0.208496  \n",
       "TIT   0.891587  0.887238 -0.688272 -0.231636  \n",
       "TAT  -0.720356 -0.744740  0.063404  0.009888  \n",
       "TEY   1.000000  0.988473 -0.541751 -0.102631  \n",
       "CDP   0.988473  1.000000 -0.520783 -0.169103  \n",
       "CO   -0.541751 -0.520783  1.000000  0.316743  \n",
       "NOX  -0.102631 -0.169103  0.316743  1.000000  "
      ]
     },
     "execution_count": 10,
     "metadata": {},
     "output_type": "execute_result"
    }
   ],
   "source": [
    "df.corr()"
   ]
  },
  {
   "cell_type": "code",
   "execution_count": 12,
   "id": "957f55a0",
   "metadata": {},
   "outputs": [
    {
     "data": {
      "text/plain": [
       "AT      0.0\n",
       "AP      0.0\n",
       "AH      0.0\n",
       "AFDP    0.0\n",
       "GTEP    0.0\n",
       "TIT     0.0\n",
       "TAT     0.0\n",
       "TEY     0.0\n",
       "CDP     0.0\n",
       "CO      0.0\n",
       "NOX     0.0\n",
       "dtype: float64"
      ]
     },
     "execution_count": 12,
     "metadata": {},
     "output_type": "execute_result"
    }
   ],
   "source": [
    "#Checking CoRelation  Pearson\n",
    "df.corr()\n",
    "\n",
    "df[df.corr()>80].sum() # No High Correlation Found between Features\n"
   ]
  },
  {
   "cell_type": "code",
   "execution_count": 13,
   "id": "b215398b",
   "metadata": {},
   "outputs": [
    {
     "data": {
      "text/html": [
       "<div>\n",
       "<style scoped>\n",
       "    .dataframe tbody tr th:only-of-type {\n",
       "        vertical-align: middle;\n",
       "    }\n",
       "\n",
       "    .dataframe tbody tr th {\n",
       "        vertical-align: top;\n",
       "    }\n",
       "\n",
       "    .dataframe thead th {\n",
       "        text-align: right;\n",
       "    }\n",
       "</style>\n",
       "<table border=\"1\" class=\"dataframe\">\n",
       "  <thead>\n",
       "    <tr style=\"text-align: right;\">\n",
       "      <th></th>\n",
       "      <th>AT</th>\n",
       "      <th>AP</th>\n",
       "      <th>AH</th>\n",
       "      <th>AFDP</th>\n",
       "      <th>GTEP</th>\n",
       "      <th>TIT</th>\n",
       "      <th>TAT</th>\n",
       "      <th>TEY</th>\n",
       "      <th>CDP</th>\n",
       "      <th>CO</th>\n",
       "      <th>NOX</th>\n",
       "    </tr>\n",
       "  </thead>\n",
       "  <tbody>\n",
       "    <tr>\n",
       "      <th>AT</th>\n",
       "      <td>1.000000</td>\n",
       "      <td>-0.419340</td>\n",
       "      <td>-0.509661</td>\n",
       "      <td>-0.057832</td>\n",
       "      <td>0.115616</td>\n",
       "      <td>0.154864</td>\n",
       "      <td>0.275065</td>\n",
       "      <td>-0.164567</td>\n",
       "      <td>0.071074</td>\n",
       "      <td>-0.026614</td>\n",
       "      <td>-0.618675</td>\n",
       "    </tr>\n",
       "    <tr>\n",
       "      <th>AP</th>\n",
       "      <td>-0.419340</td>\n",
       "      <td>1.000000</td>\n",
       "      <td>0.016270</td>\n",
       "      <td>0.030681</td>\n",
       "      <td>-0.000651</td>\n",
       "      <td>0.015992</td>\n",
       "      <td>-0.167013</td>\n",
       "      <td>0.114955</td>\n",
       "      <td>0.062975</td>\n",
       "      <td>0.004323</td>\n",
       "      <td>0.233076</td>\n",
       "    </tr>\n",
       "    <tr>\n",
       "      <th>AH</th>\n",
       "      <td>-0.509661</td>\n",
       "      <td>0.016270</td>\n",
       "      <td>1.000000</td>\n",
       "      <td>-0.144566</td>\n",
       "      <td>-0.290929</td>\n",
       "      <td>-0.313957</td>\n",
       "      <td>0.029097</td>\n",
       "      <td>-0.138233</td>\n",
       "      <td>-0.282515</td>\n",
       "      <td>0.201461</td>\n",
       "      <td>0.117367</td>\n",
       "    </tr>\n",
       "    <tr>\n",
       "      <th>AFDP</th>\n",
       "      <td>-0.057832</td>\n",
       "      <td>0.030681</td>\n",
       "      <td>-0.144566</td>\n",
       "      <td>1.000000</td>\n",
       "      <td>0.730367</td>\n",
       "      <td>0.700477</td>\n",
       "      <td>-0.401063</td>\n",
       "      <td>0.676690</td>\n",
       "      <td>0.712707</td>\n",
       "      <td>-0.429843</td>\n",
       "      <td>0.040471</td>\n",
       "    </tr>\n",
       "    <tr>\n",
       "      <th>GTEP</th>\n",
       "      <td>0.115616</td>\n",
       "      <td>-0.000651</td>\n",
       "      <td>-0.290929</td>\n",
       "      <td>0.730367</td>\n",
       "      <td>1.000000</td>\n",
       "      <td>0.975685</td>\n",
       "      <td>-0.472503</td>\n",
       "      <td>0.899634</td>\n",
       "      <td>0.985799</td>\n",
       "      <td>-0.703294</td>\n",
       "      <td>-0.192704</td>\n",
       "    </tr>\n",
       "    <tr>\n",
       "      <th>TIT</th>\n",
       "      <td>0.154864</td>\n",
       "      <td>0.015992</td>\n",
       "      <td>-0.313957</td>\n",
       "      <td>0.700477</td>\n",
       "      <td>0.975685</td>\n",
       "      <td>1.000000</td>\n",
       "      <td>-0.431488</td>\n",
       "      <td>0.894277</td>\n",
       "      <td>0.973144</td>\n",
       "      <td>-0.713670</td>\n",
       "      <td>-0.201399</td>\n",
       "    </tr>\n",
       "    <tr>\n",
       "      <th>TAT</th>\n",
       "      <td>0.275065</td>\n",
       "      <td>-0.167013</td>\n",
       "      <td>0.029097</td>\n",
       "      <td>-0.401063</td>\n",
       "      <td>-0.472503</td>\n",
       "      <td>-0.431488</td>\n",
       "      <td>1.000000</td>\n",
       "      <td>-0.496330</td>\n",
       "      <td>-0.480448</td>\n",
       "      <td>0.240341</td>\n",
       "      <td>-0.027537</td>\n",
       "    </tr>\n",
       "    <tr>\n",
       "      <th>TEY</th>\n",
       "      <td>-0.164567</td>\n",
       "      <td>0.114955</td>\n",
       "      <td>-0.138233</td>\n",
       "      <td>0.676690</td>\n",
       "      <td>0.899634</td>\n",
       "      <td>0.894277</td>\n",
       "      <td>-0.496330</td>\n",
       "      <td>1.000000</td>\n",
       "      <td>0.916620</td>\n",
       "      <td>-0.690492</td>\n",
       "      <td>-0.011021</td>\n",
       "    </tr>\n",
       "    <tr>\n",
       "      <th>CDP</th>\n",
       "      <td>0.071074</td>\n",
       "      <td>0.062975</td>\n",
       "      <td>-0.282515</td>\n",
       "      <td>0.712707</td>\n",
       "      <td>0.985799</td>\n",
       "      <td>0.973144</td>\n",
       "      <td>-0.480448</td>\n",
       "      <td>0.916620</td>\n",
       "      <td>1.000000</td>\n",
       "      <td>-0.705255</td>\n",
       "      <td>-0.160115</td>\n",
       "    </tr>\n",
       "    <tr>\n",
       "      <th>CO</th>\n",
       "      <td>-0.026614</td>\n",
       "      <td>0.004323</td>\n",
       "      <td>0.201461</td>\n",
       "      <td>-0.429843</td>\n",
       "      <td>-0.703294</td>\n",
       "      <td>-0.713670</td>\n",
       "      <td>0.240341</td>\n",
       "      <td>-0.690492</td>\n",
       "      <td>-0.705255</td>\n",
       "      <td>1.000000</td>\n",
       "      <td>0.169570</td>\n",
       "    </tr>\n",
       "    <tr>\n",
       "      <th>NOX</th>\n",
       "      <td>-0.618675</td>\n",
       "      <td>0.233076</td>\n",
       "      <td>0.117367</td>\n",
       "      <td>0.040471</td>\n",
       "      <td>-0.192704</td>\n",
       "      <td>-0.201399</td>\n",
       "      <td>-0.027537</td>\n",
       "      <td>-0.011021</td>\n",
       "      <td>-0.160115</td>\n",
       "      <td>0.169570</td>\n",
       "      <td>1.000000</td>\n",
       "    </tr>\n",
       "  </tbody>\n",
       "</table>\n",
       "</div>"
      ],
      "text/plain": [
       "            AT        AP        AH      AFDP      GTEP       TIT       TAT  \\\n",
       "AT    1.000000 -0.419340 -0.509661 -0.057832  0.115616  0.154864  0.275065   \n",
       "AP   -0.419340  1.000000  0.016270  0.030681 -0.000651  0.015992 -0.167013   \n",
       "AH   -0.509661  0.016270  1.000000 -0.144566 -0.290929 -0.313957  0.029097   \n",
       "AFDP -0.057832  0.030681 -0.144566  1.000000  0.730367  0.700477 -0.401063   \n",
       "GTEP  0.115616 -0.000651 -0.290929  0.730367  1.000000  0.975685 -0.472503   \n",
       "TIT   0.154864  0.015992 -0.313957  0.700477  0.975685  1.000000 -0.431488   \n",
       "TAT   0.275065 -0.167013  0.029097 -0.401063 -0.472503 -0.431488  1.000000   \n",
       "TEY  -0.164567  0.114955 -0.138233  0.676690  0.899634  0.894277 -0.496330   \n",
       "CDP   0.071074  0.062975 -0.282515  0.712707  0.985799  0.973144 -0.480448   \n",
       "CO   -0.026614  0.004323  0.201461 -0.429843 -0.703294 -0.713670  0.240341   \n",
       "NOX  -0.618675  0.233076  0.117367  0.040471 -0.192704 -0.201399 -0.027537   \n",
       "\n",
       "           TEY       CDP        CO       NOX  \n",
       "AT   -0.164567  0.071074 -0.026614 -0.618675  \n",
       "AP    0.114955  0.062975  0.004323  0.233076  \n",
       "AH   -0.138233 -0.282515  0.201461  0.117367  \n",
       "AFDP  0.676690  0.712707 -0.429843  0.040471  \n",
       "GTEP  0.899634  0.985799 -0.703294 -0.192704  \n",
       "TIT   0.894277  0.973144 -0.713670 -0.201399  \n",
       "TAT  -0.496330 -0.480448  0.240341 -0.027537  \n",
       "TEY   1.000000  0.916620 -0.690492 -0.011021  \n",
       "CDP   0.916620  1.000000 -0.705255 -0.160115  \n",
       "CO   -0.690492 -0.705255  1.000000  0.169570  \n",
       "NOX  -0.011021 -0.160115  0.169570  1.000000  "
      ]
     },
     "execution_count": 13,
     "metadata": {},
     "output_type": "execute_result"
    }
   ],
   "source": [
    "#Checking CoRelation using Spearman Rank \n",
    "df.corr(method ='spearman')"
   ]
  },
  {
   "cell_type": "code",
   "execution_count": 15,
   "id": "52712b2e",
   "metadata": {},
   "outputs": [
    {
     "data": {
      "text/plain": [
       "AT      0.0\n",
       "AP      0.0\n",
       "AH      0.0\n",
       "AFDP    0.0\n",
       "GTEP    0.0\n",
       "TIT     0.0\n",
       "TAT     0.0\n",
       "TEY     0.0\n",
       "CDP     0.0\n",
       "CO      0.0\n",
       "NOX     0.0\n",
       "dtype: float64"
      ]
     },
     "execution_count": 15,
     "metadata": {},
     "output_type": "execute_result"
    }
   ],
   "source": [
    "df[df.corr(method ='spearman')>80].sum() # No correation Found"
   ]
  },
  {
   "cell_type": "code",
   "execution_count": 25,
   "id": "ec496c28",
   "metadata": {},
   "outputs": [
    {
     "data": {
      "text/plain": [
       "array([1, 1, 1, ..., 1, 1, 1])"
      ]
     },
     "execution_count": 25,
     "metadata": {},
     "output_type": "execute_result"
    }
   ],
   "source": [
    "from sklearn.ensemble import IsolationForest\n",
    "iso=IsolationForest(random_state=10,contamination=\"auto\")\n",
    "out=iso.fit_predict(df)\n",
    "out\n"
   ]
  },
  {
   "cell_type": "code",
   "execution_count": 26,
   "id": "1bc55453",
   "metadata": {},
   "outputs": [
    {
     "name": "stderr",
     "output_type": "stream",
     "text": [
      "C:\\Users\\ppran\\AppData\\Local\\Temp\\ipykernel_12992\\1578432071.py:1: SettingWithCopyWarning: \n",
      "A value is trying to be set on a copy of a slice from a DataFrame.\n",
      "Try using .loc[row_indexer,col_indexer] = value instead\n",
      "\n",
      "See the caveats in the documentation: https://pandas.pydata.org/pandas-docs/stable/user_guide/indexing.html#returning-a-view-versus-a-copy\n",
      "  df[\"outliers\"]=out\n"
     ]
    }
   ],
   "source": [
    "df[\"outliers\"]=out"
   ]
  },
  {
   "cell_type": "code",
   "execution_count": 27,
   "id": "fbed33dd",
   "metadata": {},
   "outputs": [
    {
     "data": {
      "text/plain": [
       " 1    7535\n",
       "-1    2121\n",
       "Name: outliers, dtype: int64"
      ]
     },
     "execution_count": 27,
     "metadata": {},
     "output_type": "execute_result"
    }
   ],
   "source": [
    "df[\"outliers\"].value_counts()"
   ]
  },
  {
   "cell_type": "code",
   "execution_count": 28,
   "id": "dc62abb5",
   "metadata": {},
   "outputs": [
    {
     "data": {
      "text/html": [
       "<div>\n",
       "<style scoped>\n",
       "    .dataframe tbody tr th:only-of-type {\n",
       "        vertical-align: middle;\n",
       "    }\n",
       "\n",
       "    .dataframe tbody tr th {\n",
       "        vertical-align: top;\n",
       "    }\n",
       "\n",
       "    .dataframe thead th {\n",
       "        text-align: right;\n",
       "    }\n",
       "</style>\n",
       "<table border=\"1\" class=\"dataframe\">\n",
       "  <thead>\n",
       "    <tr style=\"text-align: right;\">\n",
       "      <th></th>\n",
       "      <th>AT</th>\n",
       "      <th>AP</th>\n",
       "      <th>AH</th>\n",
       "      <th>AFDP</th>\n",
       "      <th>GTEP</th>\n",
       "      <th>TIT</th>\n",
       "      <th>TAT</th>\n",
       "      <th>TEY</th>\n",
       "      <th>CDP</th>\n",
       "      <th>CO</th>\n",
       "      <th>NOX</th>\n",
       "      <th>outliers</th>\n",
       "    </tr>\n",
       "  </thead>\n",
       "  <tbody>\n",
       "    <tr>\n",
       "      <th>9</th>\n",
       "      <td>8.0820</td>\n",
       "      <td>1015.0</td>\n",
       "      <td>88.597</td>\n",
       "      <td>4.0612</td>\n",
       "      <td>23.406</td>\n",
       "      <td>1083.0</td>\n",
       "      <td>550.21</td>\n",
       "      <td>131.70</td>\n",
       "      <td>11.679</td>\n",
       "      <td>1.9081</td>\n",
       "      <td>82.782</td>\n",
       "      <td>1</td>\n",
       "    </tr>\n",
       "    <tr>\n",
       "      <th>10</th>\n",
       "      <td>8.3047</td>\n",
       "      <td>1016.0</td>\n",
       "      <td>86.343</td>\n",
       "      <td>4.0870</td>\n",
       "      <td>23.747</td>\n",
       "      <td>1085.3</td>\n",
       "      <td>550.20</td>\n",
       "      <td>133.67</td>\n",
       "      <td>11.703</td>\n",
       "      <td>1.7118</td>\n",
       "      <td>81.995</td>\n",
       "      <td>1</td>\n",
       "    </tr>\n",
       "    <tr>\n",
       "      <th>11</th>\n",
       "      <td>8.4684</td>\n",
       "      <td>1016.1</td>\n",
       "      <td>86.491</td>\n",
       "      <td>4.0513</td>\n",
       "      <td>23.734</td>\n",
       "      <td>1085.1</td>\n",
       "      <td>550.14</td>\n",
       "      <td>134.24</td>\n",
       "      <td>11.775</td>\n",
       "      <td>1.4672</td>\n",
       "      <td>80.638</td>\n",
       "      <td>1</td>\n",
       "    </tr>\n",
       "    <tr>\n",
       "      <th>12</th>\n",
       "      <td>8.8856</td>\n",
       "      <td>1016.2</td>\n",
       "      <td>82.974</td>\n",
       "      <td>4.0503</td>\n",
       "      <td>23.869</td>\n",
       "      <td>1085.9</td>\n",
       "      <td>550.17</td>\n",
       "      <td>134.69</td>\n",
       "      <td>11.864</td>\n",
       "      <td>1.7113</td>\n",
       "      <td>80.533</td>\n",
       "      <td>1</td>\n",
       "    </tr>\n",
       "    <tr>\n",
       "      <th>13</th>\n",
       "      <td>9.3714</td>\n",
       "      <td>1016.6</td>\n",
       "      <td>79.980</td>\n",
       "      <td>4.0427</td>\n",
       "      <td>23.916</td>\n",
       "      <td>1085.9</td>\n",
       "      <td>550.09</td>\n",
       "      <td>134.68</td>\n",
       "      <td>11.860</td>\n",
       "      <td>1.6637</td>\n",
       "      <td>80.538</td>\n",
       "      <td>1</td>\n",
       "    </tr>\n",
       "    <tr>\n",
       "      <th>...</th>\n",
       "      <td>...</td>\n",
       "      <td>...</td>\n",
       "      <td>...</td>\n",
       "      <td>...</td>\n",
       "      <td>...</td>\n",
       "      <td>...</td>\n",
       "      <td>...</td>\n",
       "      <td>...</td>\n",
       "      <td>...</td>\n",
       "      <td>...</td>\n",
       "      <td>...</td>\n",
       "      <td>...</td>\n",
       "    </tr>\n",
       "    <tr>\n",
       "      <th>15016</th>\n",
       "      <td>14.7820</td>\n",
       "      <td>1009.8</td>\n",
       "      <td>68.017</td>\n",
       "      <td>4.1527</td>\n",
       "      <td>24.087</td>\n",
       "      <td>1085.1</td>\n",
       "      <td>549.99</td>\n",
       "      <td>133.76</td>\n",
       "      <td>11.908</td>\n",
       "      <td>1.7076</td>\n",
       "      <td>77.092</td>\n",
       "      <td>1</td>\n",
       "    </tr>\n",
       "    <tr>\n",
       "      <th>15017</th>\n",
       "      <td>13.6390</td>\n",
       "      <td>1009.7</td>\n",
       "      <td>73.772</td>\n",
       "      <td>4.1783</td>\n",
       "      <td>24.111</td>\n",
       "      <td>1085.2</td>\n",
       "      <td>550.04</td>\n",
       "      <td>133.76</td>\n",
       "      <td>11.982</td>\n",
       "      <td>1.5963</td>\n",
       "      <td>75.681</td>\n",
       "      <td>1</td>\n",
       "    </tr>\n",
       "    <tr>\n",
       "      <th>15018</th>\n",
       "      <td>12.7590</td>\n",
       "      <td>1009.4</td>\n",
       "      <td>80.112</td>\n",
       "      <td>4.2114</td>\n",
       "      <td>24.317</td>\n",
       "      <td>1086.2</td>\n",
       "      <td>550.15</td>\n",
       "      <td>134.54</td>\n",
       "      <td>11.851</td>\n",
       "      <td>1.6053</td>\n",
       "      <td>76.154</td>\n",
       "      <td>1</td>\n",
       "    </tr>\n",
       "    <tr>\n",
       "      <th>15020</th>\n",
       "      <td>12.2120</td>\n",
